********************************************************************************
********************  Algorithm: SRTF                      *********************
********************************************************************************
pid,arrival,run_time,finish,wait_time,turn_around_time,response_time,n_context
1,0,20.5,56.5,46.0,56.5,0.0,1
2,1,6.0,4.5,0.5,3.5,0.5,0
3,2,16.0,38.5,28.5,36.5,28.5,0
4,4,8.0,8.5,0.5,4.5,0.5,0
5,5,11.0,17.5,6.5,12.5,3.5,2
6,6,14.0,30.5,17.5,24.5,17.5,0
7,9,4.0,12.0,1.0,3.0,1.0,0
8,10,12.0,23.5,7.5,13.5,7.5,0
9,13,2.0,14.5,0.5,1.5,0.5,0
10,15,18.0,47.5,23.5,32.5,23.5,0
Average run_time: 11.1
Average wait_time: 13.2
Average turn_around: 18.9
Average total_response_time: 8.3
Total context switches: 3
